Some((
    red: 0.5647059,
    green: 0.47843137,
    blue: 0.6627451,
))