Some((
    red: 0.15686275,
    green: 0.4117647,
    blue: 0.5137255,
))