Some((
    red: 0.34117648,
    green: 0.32156864,
    blue: 0.4745098,
))