Some((
    red: 0.98039216,
    green: 0.95686275,
    blue: 0.92941177,
    alpha: 1.0,
))