Some((
    red: 0.76862746,
    green: 0.654902,
    blue: 0.90588236,
))