Some((
    red: 0.14901961,
    green: 0.1372549,
    blue: 0.22745098,
))