Some((
    red: 0.19215687,
    green: 0.45490196,
    blue: 0.5607843,
))