Some((
    red: 0.8784314,
    green: 0.87058824,
    blue: 0.95686275,
))