Some((
    red: 0.9647059,
    green: 0.75686276,
    blue: 0.46666667,
))