Some((
    red: 0.4008241,
    green: 0.3179245,
    blue: 0.49126053,
    alpha: 1.0,
))