Some((
    red: 0.6313726,
    green: 0.6627451,
    blue: 0.7176471,
))