Some((
    red: 0.8509804,
    green: 0.59607846,
    blue: 0.36078432,
))