Some((
    red: 0.7058824,
    green: 0.3882353,
    blue: 0.47843137,
))