Some((
    red: 0.91764706,
    green: 0.6156863,
    blue: 0.20392157,
))