Some((
    red: 0.9490196,
    green: 0.9137255,
    blue: 0.87058824,
))