Some((
    red: 0.26666665,
    green: 0.59215695,
    blue: 0.81960785,
))