Some((
    red: 0.1254902,
    green: 0.14509805,
    blue: 0.17254902,
    alpha: 1.0,
))