Some((
    red: 0.16862746,
    green: 0.19215687,
    blue: 0.23921569,
))