Some((
    red: 0.15294118,
    green: 0.17254902,
    blue: 0.20784314,
    alpha: 1.0,
))