Some((
    red: 0.09803922,
    green: 0.09019608,
    blue: 0.14117648,
    alpha: 1.0,
))