Some((
    red: 0.92156863,
    green: 0.43529412,
    blue: 0.57254905,
))