Some((
    red: 0.12156863,
    green: 0.11372549,
    blue: 0.18039216,
    alpha: 1.0,
))